(kicad_pcb (version 4) (host pcbnew 4.0.4+e1-6308~48~ubuntu14.04.1-stable)

  (general
    (links 48)
    (no_connects 0)
    (area 0 0 0 0)
    (thickness 1.6)
    (drawings 18)
    (tracks 158)
    (zones 0)
    (modules 25)
    (nets 30)
  )

  (page A4)
  (layers
    (0 F.Cu signal)
    (31 B.Cu signal)
    (32 B.Adhes user)
    (33 F.Adhes user)
    (34 B.Paste user)
    (35 F.Paste user)
    (36 B.SilkS user)
    (37 F.SilkS user)
    (38 B.Mask user)
    (39 F.Mask user)
    (40 Dwgs.User user)
    (41 Cmts.User user)
    (42 Eco1.User user)
    (43 Eco2.User user)
    (44 Edge.Cuts user)
    (45 Margin user)
    (46 B.CrtYd user)
    (47 F.CrtYd user)
    (48 B.Fab user)
    (49 F.Fab user)
  )

  (setup
    (last_trace_width 0.25)
    (trace_clearance 0.2)
    (zone_clearance 0.508)
    (zone_45_only no)
    (trace_min 0.2)
    (segment_width 0.2)
    (edge_width 0.15)
    (via_size 0.6)
    (via_drill 0.4)
    (via_min_size 0.4)
    (via_min_drill 0.3)
    (uvia_size 0.3)
    (uvia_drill 0.1)
    (uvias_allowed no)
    (uvia_min_size 0.2)
    (uvia_min_drill 0.1)
    (pcb_text_width 0.3)
    (pcb_text_size 1.5 1.5)
    (mod_edge_width 0.15)
    (mod_text_size 1 1)
    (mod_text_width 0.15)
    (pad_size 1.524 1.524)
    (pad_drill 0.762)
    (pad_to_mask_clearance 0.2)
    (aux_axis_origin 0 0)
    (visible_elements FFFFFF7F)
    (pcbplotparams
      (layerselection 0x00030_80000001)
      (usegerberextensions false)
      (excludeedgelayer true)
      (linewidth 0.100000)
      (plotframeref false)
      (viasonmask false)
      (mode 1)
      (useauxorigin false)
      (hpglpennumber 1)
      (hpglpenspeed 20)
      (hpglpendiameter 15)
      (hpglpenoverlay 2)
      (psnegative false)
      (psa4output false)
      (plotreference true)
      (plotvalue true)
      (plotinvisibletext false)
      (padsonsilk false)
      (subtractmaskfromsilk false)
      (outputformat 1)
      (mirror false)
      (drillshape 1)
      (scaleselection 1)
      (outputdirectory ""))
  )

  (net 0 "")
  (net 1 /C0)
  (net 2 "Net-(D1-Pad1)")
  (net 3 /C1)
  (net 4 "Net-(D2-Pad1)")
  (net 5 /C2)
  (net 6 "Net-(D3-Pad1)")
  (net 7 /C3)
  (net 8 "Net-(D4-Pad1)")
  (net 9 /C4)
  (net 10 "Net-(D5-Pad1)")
  (net 11 "Net-(D6-Pad1)")
  (net 12 "Net-(D7-Pad1)")
  (net 13 "Net-(D8-Pad1)")
  (net 14 "Net-(D9-Pad1)")
  (net 15 "Net-(D10-Pad1)")
  (net 16 "Net-(D11-Pad1)")
  (net 17 "Net-(D12-Pad1)")
  (net 18 "Net-(D13-Pad1)")
  (net 19 "Net-(D14-Pad1)")
  (net 20 "Net-(D15-Pad1)")
  (net 21 "Net-(D16-Pad1)")
  (net 22 "Net-(D17-Pad1)")
  (net 23 "Net-(D18-Pad1)")
  (net 24 "Net-(D19-Pad1)")
  (net 25 "Net-(D20-Pad1)")
  (net 26 /R3)
  (net 27 /R2)
  (net 28 /R1)
  (net 29 /R0)

  (net_class Default "This is the default net class."
    (clearance 0.2)
    (trace_width 0.25)
    (via_dia 0.6)
    (via_drill 0.4)
    (uvia_dia 0.3)
    (uvia_drill 0.1)
    (add_net /C0)
    (add_net /C1)
    (add_net /C2)
    (add_net /C3)
    (add_net /C4)
    (add_net /R0)
    (add_net /R1)
    (add_net /R2)
    (add_net /R3)
    (add_net "Net-(D1-Pad1)")
    (add_net "Net-(D10-Pad1)")
    (add_net "Net-(D11-Pad1)")
    (add_net "Net-(D12-Pad1)")
    (add_net "Net-(D13-Pad1)")
    (add_net "Net-(D14-Pad1)")
    (add_net "Net-(D15-Pad1)")
    (add_net "Net-(D16-Pad1)")
    (add_net "Net-(D17-Pad1)")
    (add_net "Net-(D18-Pad1)")
    (add_net "Net-(D19-Pad1)")
    (add_net "Net-(D2-Pad1)")
    (add_net "Net-(D20-Pad1)")
    (add_net "Net-(D3-Pad1)")
    (add_net "Net-(D4-Pad1)")
    (add_net "Net-(D5-Pad1)")
    (add_net "Net-(D6-Pad1)")
    (add_net "Net-(D7-Pad1)")
    (add_net "Net-(D8-Pad1)")
    (add_net "Net-(D9-Pad1)")
  )

  (module Pin_Headers:Pin_Header_Straight_1x09 (layer B.Cu) (tedit 5817BACD) (tstamp 5816CED0)
    (at 90.17 120.65)
    (descr "Through hole pin header")
    (tags "pin header")
    (path /5816F328)
    (fp_text reference P1 (at -16.51 -18.415 90) (layer B.SilkS) hide
      (effects (font (size 1 1) (thickness 0.15)) (justify mirror))
    )
    (fp_text value Arduino (at -17.145 -13.97 90) (layer B.Fab) hide
      (effects (font (size 1 1) (thickness 0.15)) (justify mirror))
    )
    (fp_line (start -1.75 1.75) (end -1.75 -22.1) (layer B.CrtYd) (width 0.05))
    (fp_line (start 1.75 1.75) (end 1.75 -22.1) (layer B.CrtYd) (width 0.05))
    (fp_line (start -1.75 1.75) (end 1.75 1.75) (layer B.CrtYd) (width 0.05))
    (fp_line (start -1.75 -22.1) (end 1.75 -22.1) (layer B.CrtYd) (width 0.05))
    (fp_line (start 1.27 -1.27) (end 1.27 -21.59) (layer B.SilkS) (width 0.15))
    (fp_line (start 1.27 -21.59) (end -1.27 -21.59) (layer B.SilkS) (width 0.15))
    (fp_line (start -1.27 -21.59) (end -1.27 -1.27) (layer B.SilkS) (width 0.15))
    (fp_line (start 1.55 1.55) (end 1.55 0) (layer B.SilkS) (width 0.15))
    (fp_line (start 1.27 -1.27) (end -1.27 -1.27) (layer B.SilkS) (width 0.15))
    (fp_line (start -1.55 0) (end -1.55 1.55) (layer B.SilkS) (width 0.15))
    (fp_line (start -1.55 1.55) (end 1.55 1.55) (layer B.SilkS) (width 0.15))
    (pad 1 thru_hole rect (at 0 0) (size 2.032 1.7272) (drill 1.016) (layers *.Cu *.Mask B.SilkS)
      (net 29 /R0))
    (pad 2 thru_hole oval (at 0 -2.54) (size 2.032 1.7272) (drill 1.016) (layers *.Cu *.Mask B.SilkS)
      (net 28 /R1))
    (pad 3 thru_hole oval (at 0 -5.08) (size 2.032 1.7272) (drill 1.016) (layers *.Cu *.Mask B.SilkS)
      (net 27 /R2))
    (pad 4 thru_hole oval (at 0 -7.62) (size 2.032 1.7272) (drill 1.016) (layers *.Cu *.Mask B.SilkS)
      (net 26 /R3))
    (pad 5 thru_hole oval (at 0 -10.16) (size 2.032 1.7272) (drill 1.016) (layers *.Cu *.Mask B.SilkS)
      (net 1 /C0))
    (pad 6 thru_hole oval (at 0 -12.7) (size 2.032 1.7272) (drill 1.016) (layers *.Cu *.Mask B.SilkS)
      (net 3 /C1))
    (pad 7 thru_hole oval (at 0 -15.24) (size 2.032 1.7272) (drill 1.016) (layers *.Cu *.Mask B.SilkS)
      (net 5 /C2))
    (pad 8 thru_hole oval (at 0 -17.78) (size 2.032 1.7272) (drill 1.016) (layers *.Cu *.Mask B.SilkS)
      (net 7 /C3))
    (pad 9 thru_hole oval (at 0 -20.32) (size 2.032 1.7272) (drill 1.016) (layers *.Cu *.Mask B.SilkS)
      (net 9 /C4))
    (model Pin_Headers.3dshapes/Pin_Header_Straight_1x09.wrl
      (at (xyz 0 -0.4 0))
      (scale (xyz 1 1 1))
      (rotate (xyz 0 0 90))
    )
  )

  (module custom:Diode_SMD (layer B.Cu) (tedit 5816D960) (tstamp 5816CE51)
    (at 95.25 121.285 180)
    (path /5816F40A)
    (fp_text reference D1 (at 0 -2.54 180) (layer B.SilkS) hide
      (effects (font (size 1 1) (thickness 0.15)) (justify mirror))
    )
    (fp_text value D (at 0 1.27 180) (layer B.Fab) hide
      (effects (font (size 1 1) (thickness 0.15)) (justify mirror))
    )
    (fp_line (start -0.635 0.508) (end -0.635 -0.508) (layer B.SilkS) (width 0.15))
    (fp_line (start -0.381 0) (end 0.254 0.508) (layer B.SilkS) (width 0.15))
    (fp_line (start 0.254 0.508) (end 0.254 -0.508) (layer B.SilkS) (width 0.15))
    (fp_line (start 0.254 -0.508) (end -0.381 0) (layer B.SilkS) (width 0.15))
    (fp_line (start -2.5 -1.25) (end 2.5 -1.25) (layer B.SilkS) (width 0.1))
    (fp_line (start -2.5 1.25) (end 2.5 1.25) (layer B.SilkS) (width 0.1))
    (pad 2 smd rect (at 2.2 0 180) (size 2 1.8) (layers B.Cu B.Paste B.Mask)
      (net 1 /C0))
    (pad 1 smd rect (at -2.2 0 180) (size 1.8 2) (layers B.Cu B.Paste B.Mask)
      (net 2 "Net-(D1-Pad1)"))
  )

  (module custom:Diode_SMD (layer F.Cu) (tedit 5816D950) (tstamp 5816CE57)
    (at 95.25 119.38 180)
    (path /5816F436)
    (fp_text reference D2 (at 0 2.54 180) (layer F.SilkS) hide
      (effects (font (size 1 1) (thickness 0.15)))
    )
    (fp_text value D (at 0 -1.27 180) (layer F.Fab) hide
      (effects (font (size 1 1) (thickness 0.15)))
    )
    (fp_line (start -0.635 -0.508) (end -0.635 0.508) (layer F.SilkS) (width 0.15))
    (fp_line (start -0.381 0) (end 0.254 -0.508) (layer F.SilkS) (width 0.15))
    (fp_line (start 0.254 -0.508) (end 0.254 0.508) (layer F.SilkS) (width 0.15))
    (fp_line (start 0.254 0.508) (end -0.381 0) (layer F.SilkS) (width 0.15))
    (fp_line (start -2.5 1.25) (end 2.5 1.25) (layer F.SilkS) (width 0.1))
    (fp_line (start -2.5 -1.25) (end 2.5 -1.25) (layer F.SilkS) (width 0.1))
    (pad 2 smd rect (at 2.2 0 180) (size 2 1.8) (layers F.Cu F.Paste F.Mask)
      (net 3 /C1))
    (pad 1 smd rect (at -2.2 0 180) (size 1.8 2) (layers F.Cu F.Paste F.Mask)
      (net 4 "Net-(D2-Pad1)"))
  )

  (module custom:Diode_SMD (layer B.Cu) (tedit 5816D947) (tstamp 5816CE5D)
    (at 95.25 116.84 180)
    (path /5816F45A)
    (fp_text reference D3 (at 0 -2.54 180) (layer B.SilkS) hide
      (effects (font (size 1 1) (thickness 0.15)) (justify mirror))
    )
    (fp_text value D (at 0 1.27 180) (layer B.Fab) hide
      (effects (font (size 1 1) (thickness 0.15)) (justify mirror))
    )
    (fp_line (start -0.635 0.508) (end -0.635 -0.508) (layer B.SilkS) (width 0.15))
    (fp_line (start -0.381 0) (end 0.254 0.508) (layer B.SilkS) (width 0.15))
    (fp_line (start 0.254 0.508) (end 0.254 -0.508) (layer B.SilkS) (width 0.15))
    (fp_line (start 0.254 -0.508) (end -0.381 0) (layer B.SilkS) (width 0.15))
    (fp_line (start -2.5 -1.25) (end 2.5 -1.25) (layer B.SilkS) (width 0.1))
    (fp_line (start -2.5 1.25) (end 2.5 1.25) (layer B.SilkS) (width 0.1))
    (pad 2 smd rect (at 2.2 0 180) (size 2 1.8) (layers B.Cu B.Paste B.Mask)
      (net 5 /C2))
    (pad 1 smd rect (at -2.2 0 180) (size 1.8 2) (layers B.Cu B.Paste B.Mask)
      (net 6 "Net-(D3-Pad1)"))
  )

  (module custom:Diode_SMD (layer F.Cu) (tedit 5816D936) (tstamp 5816CE63)
    (at 95.25 114.935 180)
    (path /5816F481)
    (fp_text reference D4 (at 0 2.54 180) (layer F.SilkS) hide
      (effects (font (size 1 1) (thickness 0.15)))
    )
    (fp_text value D (at 0 -1.27 180) (layer F.Fab) hide
      (effects (font (size 1 1) (thickness 0.15)))
    )
    (fp_line (start -0.635 -0.508) (end -0.635 0.508) (layer F.SilkS) (width 0.15))
    (fp_line (start -0.381 0) (end 0.254 -0.508) (layer F.SilkS) (width 0.15))
    (fp_line (start 0.254 -0.508) (end 0.254 0.508) (layer F.SilkS) (width 0.15))
    (fp_line (start 0.254 0.508) (end -0.381 0) (layer F.SilkS) (width 0.15))
    (fp_line (start -2.5 1.25) (end 2.5 1.25) (layer F.SilkS) (width 0.1))
    (fp_line (start -2.5 -1.25) (end 2.5 -1.25) (layer F.SilkS) (width 0.1))
    (pad 2 smd rect (at 2.2 0 180) (size 2 1.8) (layers F.Cu F.Paste F.Mask)
      (net 7 /C3))
    (pad 1 smd rect (at -2.2 0 180) (size 1.8 2) (layers F.Cu F.Paste F.Mask)
      (net 8 "Net-(D4-Pad1)"))
  )

  (module custom:Diode_SMD (layer B.Cu) (tedit 5816D967) (tstamp 5816CE69)
    (at 95.25 112.395 180)
    (path /5816F5A2)
    (fp_text reference D5 (at 0 -2.54 180) (layer B.SilkS) hide
      (effects (font (size 1 1) (thickness 0.15)) (justify mirror))
    )
    (fp_text value D (at 0 1.27 180) (layer B.Fab) hide
      (effects (font (size 1 1) (thickness 0.15)) (justify mirror))
    )
    (fp_line (start -0.635 0.508) (end -0.635 -0.508) (layer B.SilkS) (width 0.15))
    (fp_line (start -0.381 0) (end 0.254 0.508) (layer B.SilkS) (width 0.15))
    (fp_line (start 0.254 0.508) (end 0.254 -0.508) (layer B.SilkS) (width 0.15))
    (fp_line (start 0.254 -0.508) (end -0.381 0) (layer B.SilkS) (width 0.15))
    (fp_line (start -2.5 -1.25) (end 2.5 -1.25) (layer B.SilkS) (width 0.1))
    (fp_line (start -2.5 1.25) (end 2.5 1.25) (layer B.SilkS) (width 0.1))
    (pad 2 smd rect (at 2.2 0 180) (size 2 1.8) (layers B.Cu B.Paste B.Mask)
      (net 9 /C4))
    (pad 1 smd rect (at -2.2 0 180) (size 1.8 2) (layers B.Cu B.Paste B.Mask)
      (net 10 "Net-(D5-Pad1)"))
  )

  (module custom:Diode_SMD (layer B.Cu) (tedit 5816D9C2) (tstamp 5816CE6F)
    (at 85.09 121.285)
    (path /5817C0A3)
    (fp_text reference D6 (at 0 -2.54) (layer B.SilkS) hide
      (effects (font (size 1 1) (thickness 0.15)) (justify mirror))
    )
    (fp_text value D (at 0 1.27) (layer B.Fab) hide
      (effects (font (size 1 1) (thickness 0.15)) (justify mirror))
    )
    (fp_line (start -0.635 0.508) (end -0.635 -0.508) (layer B.SilkS) (width 0.15))
    (fp_line (start -0.381 0) (end 0.254 0.508) (layer B.SilkS) (width 0.15))
    (fp_line (start 0.254 0.508) (end 0.254 -0.508) (layer B.SilkS) (width 0.15))
    (fp_line (start 0.254 -0.508) (end -0.381 0) (layer B.SilkS) (width 0.15))
    (fp_line (start -2.5 -1.25) (end 2.5 -1.25) (layer B.SilkS) (width 0.1))
    (fp_line (start -2.5 1.25) (end 2.5 1.25) (layer B.SilkS) (width 0.1))
    (pad 2 smd rect (at 2.2 0) (size 2 1.8) (layers B.Cu B.Paste B.Mask)
      (net 1 /C0))
    (pad 1 smd rect (at -2.2 0) (size 1.8 2) (layers B.Cu B.Paste B.Mask)
      (net 11 "Net-(D6-Pad1)"))
  )

  (module custom:Diode_SMD (layer F.Cu) (tedit 5816D9BE) (tstamp 5816CE75)
    (at 85.09 119.38)
    (path /5817C0A9)
    (fp_text reference D7 (at 0 2.54) (layer F.SilkS) hide
      (effects (font (size 1 1) (thickness 0.15)))
    )
    (fp_text value D (at 0 -1.27) (layer F.Fab) hide
      (effects (font (size 1 1) (thickness 0.15)))
    )
    (fp_line (start -0.635 -0.508) (end -0.635 0.508) (layer F.SilkS) (width 0.15))
    (fp_line (start -0.381 0) (end 0.254 -0.508) (layer F.SilkS) (width 0.15))
    (fp_line (start 0.254 -0.508) (end 0.254 0.508) (layer F.SilkS) (width 0.15))
    (fp_line (start 0.254 0.508) (end -0.381 0) (layer F.SilkS) (width 0.15))
    (fp_line (start -2.5 1.25) (end 2.5 1.25) (layer F.SilkS) (width 0.1))
    (fp_line (start -2.5 -1.25) (end 2.5 -1.25) (layer F.SilkS) (width 0.1))
    (pad 2 smd rect (at 2.2 0) (size 2 1.8) (layers F.Cu F.Paste F.Mask)
      (net 3 /C1))
    (pad 1 smd rect (at -2.2 0) (size 1.8 2) (layers F.Cu F.Paste F.Mask)
      (net 12 "Net-(D7-Pad1)"))
  )

  (module custom:Diode_SMD (layer B.Cu) (tedit 5816D9B3) (tstamp 5816CE7B)
    (at 85.09 116.84)
    (path /5817C0AF)
    (fp_text reference D8 (at 0 -2.54) (layer B.SilkS) hide
      (effects (font (size 1 1) (thickness 0.15)) (justify mirror))
    )
    (fp_text value D (at 0 1.27) (layer B.Fab) hide
      (effects (font (size 1 1) (thickness 0.15)) (justify mirror))
    )
    (fp_line (start -0.635 0.508) (end -0.635 -0.508) (layer B.SilkS) (width 0.15))
    (fp_line (start -0.381 0) (end 0.254 0.508) (layer B.SilkS) (width 0.15))
    (fp_line (start 0.254 0.508) (end 0.254 -0.508) (layer B.SilkS) (width 0.15))
    (fp_line (start 0.254 -0.508) (end -0.381 0) (layer B.SilkS) (width 0.15))
    (fp_line (start -2.5 -1.25) (end 2.5 -1.25) (layer B.SilkS) (width 0.1))
    (fp_line (start -2.5 1.25) (end 2.5 1.25) (layer B.SilkS) (width 0.1))
    (pad 2 smd rect (at 2.2 0) (size 2 1.8) (layers B.Cu B.Paste B.Mask)
      (net 5 /C2))
    (pad 1 smd rect (at -2.2 0) (size 1.8 2) (layers B.Cu B.Paste B.Mask)
      (net 13 "Net-(D8-Pad1)"))
  )

  (module custom:Diode_SMD (layer F.Cu) (tedit 5816D9AF) (tstamp 5816CE81)
    (at 85.09 114.935)
    (path /5817C0B5)
    (fp_text reference D9 (at 0 2.54) (layer F.SilkS) hide
      (effects (font (size 1 1) (thickness 0.15)))
    )
    (fp_text value D (at 0 -1.27) (layer F.Fab) hide
      (effects (font (size 1 1) (thickness 0.15)))
    )
    (fp_line (start -0.635 -0.508) (end -0.635 0.508) (layer F.SilkS) (width 0.15))
    (fp_line (start -0.381 0) (end 0.254 -0.508) (layer F.SilkS) (width 0.15))
    (fp_line (start 0.254 -0.508) (end 0.254 0.508) (layer F.SilkS) (width 0.15))
    (fp_line (start 0.254 0.508) (end -0.381 0) (layer F.SilkS) (width 0.15))
    (fp_line (start -2.5 1.25) (end 2.5 1.25) (layer F.SilkS) (width 0.1))
    (fp_line (start -2.5 -1.25) (end 2.5 -1.25) (layer F.SilkS) (width 0.1))
    (pad 2 smd rect (at 2.2 0) (size 2 1.8) (layers F.Cu F.Paste F.Mask)
      (net 7 /C3))
    (pad 1 smd rect (at -2.2 0) (size 1.8 2) (layers F.Cu F.Paste F.Mask)
      (net 14 "Net-(D9-Pad1)"))
  )

  (module custom:Diode_SMD (layer B.Cu) (tedit 5816D9CF) (tstamp 5816CE87)
    (at 85.09 112.395)
    (path /5817C0BF)
    (fp_text reference D10 (at 0 -2.54) (layer B.SilkS) hide
      (effects (font (size 1 1) (thickness 0.15)) (justify mirror))
    )
    (fp_text value D (at 0 1.27) (layer B.Fab) hide
      (effects (font (size 1 1) (thickness 0.15)) (justify mirror))
    )
    (fp_line (start -0.635 0.508) (end -0.635 -0.508) (layer B.SilkS) (width 0.15))
    (fp_line (start -0.381 0) (end 0.254 0.508) (layer B.SilkS) (width 0.15))
    (fp_line (start 0.254 0.508) (end 0.254 -0.508) (layer B.SilkS) (width 0.15))
    (fp_line (start 0.254 -0.508) (end -0.381 0) (layer B.SilkS) (width 0.15))
    (fp_line (start -2.5 -1.25) (end 2.5 -1.25) (layer B.SilkS) (width 0.1))
    (fp_line (start -2.5 1.25) (end 2.5 1.25) (layer B.SilkS) (width 0.1))
    (pad 2 smd rect (at 2.2 0) (size 2 1.8) (layers B.Cu B.Paste B.Mask)
      (net 9 /C4))
    (pad 1 smd rect (at -2.2 0) (size 1.8 2) (layers B.Cu B.Paste B.Mask)
      (net 15 "Net-(D10-Pad1)"))
  )

  (module custom:Diode_SMD (layer B.Cu) (tedit 5816D97D) (tstamp 5816CE8D)
    (at 95.25 108.585 180)
    (path /5817BBDD)
    (fp_text reference D11 (at 0 -2.54 180) (layer B.SilkS) hide
      (effects (font (size 1 1) (thickness 0.15)) (justify mirror))
    )
    (fp_text value D (at 0 1.27 180) (layer B.Fab) hide
      (effects (font (size 1 1) (thickness 0.15)) (justify mirror))
    )
    (fp_line (start -0.635 0.508) (end -0.635 -0.508) (layer B.SilkS) (width 0.15))
    (fp_line (start -0.381 0) (end 0.254 0.508) (layer B.SilkS) (width 0.15))
    (fp_line (start 0.254 0.508) (end 0.254 -0.508) (layer B.SilkS) (width 0.15))
    (fp_line (start 0.254 -0.508) (end -0.381 0) (layer B.SilkS) (width 0.15))
    (fp_line (start -2.5 -1.25) (end 2.5 -1.25) (layer B.SilkS) (width 0.1))
    (fp_line (start -2.5 1.25) (end 2.5 1.25) (layer B.SilkS) (width 0.1))
    (pad 2 smd rect (at 2.2 0 180) (size 2 1.8) (layers B.Cu B.Paste B.Mask)
      (net 1 /C0))
    (pad 1 smd rect (at -2.2 0 180) (size 1.8 2) (layers B.Cu B.Paste B.Mask)
      (net 16 "Net-(D11-Pad1)"))
  )

  (module custom:Diode_SMD (layer F.Cu) (tedit 5816DF58) (tstamp 5816CE93)
    (at 95.25 106.68 180)
    (path /5817BBE3)
    (fp_text reference D12 (at 0 2.54 180) (layer F.SilkS) hide
      (effects (font (size 1 1) (thickness 0.15)))
    )
    (fp_text value D (at 0 -1.27 180) (layer F.Fab) hide
      (effects (font (size 1 1) (thickness 0.15)))
    )
    (fp_line (start -0.635 -0.508) (end -0.635 0.508) (layer F.SilkS) (width 0.15))
    (fp_line (start -0.381 0) (end 0.254 -0.508) (layer F.SilkS) (width 0.15))
    (fp_line (start 0.254 -0.508) (end 0.254 0.508) (layer F.SilkS) (width 0.15))
    (fp_line (start 0.254 0.508) (end -0.381 0) (layer F.SilkS) (width 0.15))
    (fp_line (start -2.5 1.25) (end 2.5 1.25) (layer F.SilkS) (width 0.1))
    (fp_line (start -2.5 -1.25) (end 2.5 -1.25) (layer F.SilkS) (width 0.1))
    (pad 2 smd rect (at 2.2 0 180) (size 2 1.8) (layers F.Cu F.Paste F.Mask)
      (net 3 /C1))
    (pad 1 smd rect (at -2.2 0 180) (size 1.8 2) (layers F.Cu F.Paste F.Mask)
      (net 17 "Net-(D12-Pad1)"))
  )

  (module custom:Diode_SMD (layer B.Cu) (tedit 5816DF53) (tstamp 5816CE99)
    (at 95.25 104.14 180)
    (path /5817BBE9)
    (fp_text reference D13 (at 2.54 -17.78 180) (layer B.SilkS) hide
      (effects (font (size 1 1) (thickness 0.15)) (justify mirror))
    )
    (fp_text value D (at 0 1.27 180) (layer B.Fab) hide
      (effects (font (size 1 1) (thickness 0.15)) (justify mirror))
    )
    (fp_line (start -0.635 0.508) (end -0.635 -0.508) (layer B.SilkS) (width 0.15))
    (fp_line (start -0.381 0) (end 0.254 0.508) (layer B.SilkS) (width 0.15))
    (fp_line (start 0.254 0.508) (end 0.254 -0.508) (layer B.SilkS) (width 0.15))
    (fp_line (start 0.254 -0.508) (end -0.381 0) (layer B.SilkS) (width 0.15))
    (fp_line (start -2.5 -1.25) (end 2.5 -1.25) (layer B.SilkS) (width 0.1))
    (fp_line (start -2.5 1.25) (end 2.5 1.25) (layer B.SilkS) (width 0.1))
    (pad 2 smd rect (at 2.2 0 180) (size 2 1.8) (layers B.Cu B.Paste B.Mask)
      (net 5 /C2))
    (pad 1 smd rect (at -2.2 0 180) (size 1.8 2) (layers B.Cu B.Paste B.Mask)
      (net 18 "Net-(D13-Pad1)"))
  )

  (module custom:Diode_SMD (layer F.Cu) (tedit 5816D96C) (tstamp 5816CE9F)
    (at 95.25 102.235 180)
    (path /5817BBEF)
    (fp_text reference D14 (at 0 2.54 180) (layer F.SilkS) hide
      (effects (font (size 1 1) (thickness 0.15)))
    )
    (fp_text value D (at 0 -1.27 180) (layer F.Fab) hide
      (effects (font (size 1 1) (thickness 0.15)))
    )
    (fp_line (start -0.635 -0.508) (end -0.635 0.508) (layer F.SilkS) (width 0.15))
    (fp_line (start -0.381 0) (end 0.254 -0.508) (layer F.SilkS) (width 0.15))
    (fp_line (start 0.254 -0.508) (end 0.254 0.508) (layer F.SilkS) (width 0.15))
    (fp_line (start 0.254 0.508) (end -0.381 0) (layer F.SilkS) (width 0.15))
    (fp_line (start -2.5 1.25) (end 2.5 1.25) (layer F.SilkS) (width 0.1))
    (fp_line (start -2.5 -1.25) (end 2.5 -1.25) (layer F.SilkS) (width 0.1))
    (pad 2 smd rect (at 2.2 0 180) (size 2 1.8) (layers F.Cu F.Paste F.Mask)
      (net 7 /C3))
    (pad 1 smd rect (at -2.2 0 180) (size 1.8 2) (layers F.Cu F.Paste F.Mask)
      (net 19 "Net-(D14-Pad1)"))
  )

  (module custom:Diode_SMD (layer B.Cu) (tedit 5816D994) (tstamp 5816CEA5)
    (at 95.25 99.695 180)
    (path /5817BBF9)
    (fp_text reference D15 (at 0 -2.54 180) (layer B.SilkS) hide
      (effects (font (size 1 1) (thickness 0.15)) (justify mirror))
    )
    (fp_text value D (at 0 1.27 180) (layer B.Fab) hide
      (effects (font (size 1 1) (thickness 0.15)) (justify mirror))
    )
    (fp_line (start -0.635 0.508) (end -0.635 -0.508) (layer B.SilkS) (width 0.15))
    (fp_line (start -0.381 0) (end 0.254 0.508) (layer B.SilkS) (width 0.15))
    (fp_line (start 0.254 0.508) (end 0.254 -0.508) (layer B.SilkS) (width 0.15))
    (fp_line (start 0.254 -0.508) (end -0.381 0) (layer B.SilkS) (width 0.15))
    (fp_line (start -2.5 -1.25) (end 2.5 -1.25) (layer B.SilkS) (width 0.1))
    (fp_line (start -2.5 1.25) (end 2.5 1.25) (layer B.SilkS) (width 0.1))
    (pad 2 smd rect (at 2.2 0 180) (size 2 1.8) (layers B.Cu B.Paste B.Mask)
      (net 9 /C4))
    (pad 1 smd rect (at -2.2 0 180) (size 1.8 2) (layers B.Cu B.Paste B.Mask)
      (net 20 "Net-(D15-Pad1)"))
  )

  (module custom:Diode_SMD (layer B.Cu) (tedit 5816D9EC) (tstamp 5816CEAB)
    (at 85.09 108.585)
    (path /5817D107)
    (fp_text reference D16 (at 0 -2.54) (layer B.SilkS) hide
      (effects (font (size 1 1) (thickness 0.15)) (justify mirror))
    )
    (fp_text value D (at 0 1.27) (layer B.Fab) hide
      (effects (font (size 1 1) (thickness 0.15)) (justify mirror))
    )
    (fp_line (start -0.635 0.508) (end -0.635 -0.508) (layer B.SilkS) (width 0.15))
    (fp_line (start -0.381 0) (end 0.254 0.508) (layer B.SilkS) (width 0.15))
    (fp_line (start 0.254 0.508) (end 0.254 -0.508) (layer B.SilkS) (width 0.15))
    (fp_line (start 0.254 -0.508) (end -0.381 0) (layer B.SilkS) (width 0.15))
    (fp_line (start -2.5 -1.25) (end 2.5 -1.25) (layer B.SilkS) (width 0.1))
    (fp_line (start -2.5 1.25) (end 2.5 1.25) (layer B.SilkS) (width 0.1))
    (pad 2 smd rect (at 2.2 0) (size 2 1.8) (layers B.Cu B.Paste B.Mask)
      (net 1 /C0))
    (pad 1 smd rect (at -2.2 0) (size 1.8 2) (layers B.Cu B.Paste B.Mask)
      (net 21 "Net-(D16-Pad1)"))
  )

  (module custom:Diode_SMD (layer F.Cu) (tedit 5816D9E8) (tstamp 5816CEB1)
    (at 85.09 106.68)
    (path /5817D10D)
    (fp_text reference D17 (at 0 2.54) (layer F.SilkS) hide
      (effects (font (size 1 1) (thickness 0.15)))
    )
    (fp_text value D (at 0 -1.27) (layer F.Fab) hide
      (effects (font (size 1 1) (thickness 0.15)))
    )
    (fp_line (start -0.635 -0.508) (end -0.635 0.508) (layer F.SilkS) (width 0.15))
    (fp_line (start -0.381 0) (end 0.254 -0.508) (layer F.SilkS) (width 0.15))
    (fp_line (start 0.254 -0.508) (end 0.254 0.508) (layer F.SilkS) (width 0.15))
    (fp_line (start 0.254 0.508) (end -0.381 0) (layer F.SilkS) (width 0.15))
    (fp_line (start -2.5 1.25) (end 2.5 1.25) (layer F.SilkS) (width 0.1))
    (fp_line (start -2.5 -1.25) (end 2.5 -1.25) (layer F.SilkS) (width 0.1))
    (pad 2 smd rect (at 2.2 0) (size 2 1.8) (layers F.Cu F.Paste F.Mask)
      (net 3 /C1))
    (pad 1 smd rect (at -2.2 0) (size 1.8 2) (layers F.Cu F.Paste F.Mask)
      (net 22 "Net-(D17-Pad1)"))
  )

  (module custom:Diode_SMD (layer B.Cu) (tedit 5816D9DD) (tstamp 5816CEB7)
    (at 85.09 104.14)
    (path /5817D113)
    (fp_text reference D18 (at 0 -2.54) (layer B.SilkS) hide
      (effects (font (size 1 1) (thickness 0.15)) (justify mirror))
    )
    (fp_text value D (at 0 1.27) (layer B.Fab) hide
      (effects (font (size 1 1) (thickness 0.15)) (justify mirror))
    )
    (fp_line (start -0.635 0.508) (end -0.635 -0.508) (layer B.SilkS) (width 0.15))
    (fp_line (start -0.381 0) (end 0.254 0.508) (layer B.SilkS) (width 0.15))
    (fp_line (start 0.254 0.508) (end 0.254 -0.508) (layer B.SilkS) (width 0.15))
    (fp_line (start 0.254 -0.508) (end -0.381 0) (layer B.SilkS) (width 0.15))
    (fp_line (start -2.5 -1.25) (end 2.5 -1.25) (layer B.SilkS) (width 0.1))
    (fp_line (start -2.5 1.25) (end 2.5 1.25) (layer B.SilkS) (width 0.1))
    (pad 2 smd rect (at 2.2 0) (size 2 1.8) (layers B.Cu B.Paste B.Mask)
      (net 5 /C2))
    (pad 1 smd rect (at -2.2 0) (size 1.8 2) (layers B.Cu B.Paste B.Mask)
      (net 23 "Net-(D18-Pad1)"))
  )

  (module custom:Diode_SMD (layer F.Cu) (tedit 5816D9D6) (tstamp 5816CEBD)
    (at 85.09 102.235)
    (path /5817D119)
    (fp_text reference D19 (at 0 2.54) (layer F.SilkS) hide
      (effects (font (size 1 1) (thickness 0.15)))
    )
    (fp_text value D (at 0 -1.27) (layer F.Fab) hide
      (effects (font (size 1 1) (thickness 0.15)))
    )
    (fp_line (start -0.635 -0.508) (end -0.635 0.508) (layer F.SilkS) (width 0.15))
    (fp_line (start -0.381 0) (end 0.254 -0.508) (layer F.SilkS) (width 0.15))
    (fp_line (start 0.254 -0.508) (end 0.254 0.508) (layer F.SilkS) (width 0.15))
    (fp_line (start 0.254 0.508) (end -0.381 0) (layer F.SilkS) (width 0.15))
    (fp_line (start -2.5 1.25) (end 2.5 1.25) (layer F.SilkS) (width 0.1))
    (fp_line (start -2.5 -1.25) (end 2.5 -1.25) (layer F.SilkS) (width 0.1))
    (pad 2 smd rect (at 2.2 0) (size 2 1.8) (layers F.Cu F.Paste F.Mask)
      (net 7 /C3))
    (pad 1 smd rect (at -2.2 0) (size 1.8 2) (layers F.Cu F.Paste F.Mask)
      (net 24 "Net-(D19-Pad1)"))
  )

  (module custom:Diode_SMD (layer B.Cu) (tedit 5816D9F3) (tstamp 5816CEC3)
    (at 85.09 99.695)
    (path /5817D123)
    (fp_text reference D20 (at 0 -2.54) (layer B.SilkS) hide
      (effects (font (size 1 1) (thickness 0.15)) (justify mirror))
    )
    (fp_text value D (at 0 1.27) (layer B.Fab) hide
      (effects (font (size 1 1) (thickness 0.15)) (justify mirror))
    )
    (fp_line (start -0.635 0.508) (end -0.635 -0.508) (layer B.SilkS) (width 0.15))
    (fp_line (start -0.381 0) (end 0.254 0.508) (layer B.SilkS) (width 0.15))
    (fp_line (start 0.254 0.508) (end 0.254 -0.508) (layer B.SilkS) (width 0.15))
    (fp_line (start 0.254 -0.508) (end -0.381 0) (layer B.SilkS) (width 0.15))
    (fp_line (start -2.5 -1.25) (end 2.5 -1.25) (layer B.SilkS) (width 0.1))
    (fp_line (start -2.5 1.25) (end 2.5 1.25) (layer B.SilkS) (width 0.1))
    (pad 2 smd rect (at 2.2 0) (size 2 1.8) (layers B.Cu B.Paste B.Mask)
      (net 9 /C4))
    (pad 1 smd rect (at -2.2 0) (size 1.8 2) (layers B.Cu B.Paste B.Mask)
      (net 25 "Net-(D20-Pad1)"))
  )

  (module custom:B7B-ZR (layer F.Cu) (tedit 5817BA8B) (tstamp 5817AF04)
    (at 100.33 116.84 90)
    (descr "JST-ZH Top Through Hole 7 pin")
    (tags "B7B-ZR(LF)(SN)")
    (path /5817A53C)
    (fp_text reference P2 (at -1.905 3.175 90) (layer F.SilkS) hide
      (effects (font (size 1 1) (thickness 0.15)))
    )
    (fp_text value Comm1 (at 5.588 -5.842 180) (layer F.SilkS)
      (effects (font (size 1 1) (thickness 0.15)))
    )
    (fp_line (start -6 2.2) (end 6 2.2) (layer F.SilkS) (width 0.15))
    (fp_line (start 6 2.2) (end 6 -1.3) (layer F.SilkS) (width 0.15))
    (fp_line (start 6 -1.3) (end -6 -1.3) (layer F.SilkS) (width 0.15))
    (fp_line (start -6 -1.3) (end -6 2.2) (layer F.SilkS) (width 0.15))
    (pad 1 thru_hole oval (at -4.5 0 90) (size 1 1.3) (drill 0.75) (layers *.Cu *.Mask F.Paste)
      (net 2 "Net-(D1-Pad1)"))
    (pad 2 thru_hole oval (at -3 0 90) (size 1 1.3) (drill 0.75) (layers *.Cu *.Mask F.Paste)
      (net 4 "Net-(D2-Pad1)"))
    (pad 3 thru_hole oval (at -1.5 0 90) (size 1 1.3) (drill 0.75) (layers *.Cu *.Mask F.Paste)
      (net 29 /R0))
    (pad 7 thru_hole oval (at 4.5 0 90) (size 1 1.3) (drill 0.75) (layers *.Cu *.Mask F.Paste)
      (net 10 "Net-(D5-Pad1)"))
    (pad 6 thru_hole oval (at 3 0 90) (size 1 1.3) (drill 0.75) (layers *.Cu *.Mask F.Paste)
      (net 29 /R0))
    (pad 5 thru_hole oval (at 1.5 0 90) (size 1 1.3) (drill 0.75) (layers *.Cu *.Mask F.Paste)
      (net 8 "Net-(D4-Pad1)"))
    (pad 4 thru_hole oval (at 0 0 90) (size 1 1.3) (drill 0.75) (layers *.Cu *.Mask F.Paste)
      (net 6 "Net-(D3-Pad1)"))
  )

  (module custom:B7B-ZR (layer F.Cu) (tedit 5817BAAD) (tstamp 5817AF12)
    (at 79.375 116.84 90)
    (descr "JST-ZH Top Through Hole 7 pin")
    (tags "B7B-ZR(LF)(SN)")
    (path /5817C0C7)
    (fp_text reference P3 (at -3 -2 90) (layer F.SilkS) hide
      (effects (font (size 1 1) (thickness 0.15)))
    )
    (fp_text value Nav1 (at 5.588 6.731 180) (layer F.SilkS)
      (effects (font (size 1 1) (thickness 0.15)))
    )
    (fp_line (start -6 2.2) (end 6 2.2) (layer F.SilkS) (width 0.15))
    (fp_line (start 6 2.2) (end 6 -1.3) (layer F.SilkS) (width 0.15))
    (fp_line (start 6 -1.3) (end -6 -1.3) (layer F.SilkS) (width 0.15))
    (fp_line (start -6 -1.3) (end -6 2.2) (layer F.SilkS) (width 0.15))
    (pad 1 thru_hole oval (at -4.5 0 90) (size 1 1.3) (drill 0.75) (layers *.Cu *.Mask F.Paste)
      (net 11 "Net-(D6-Pad1)"))
    (pad 2 thru_hole oval (at -3 0 90) (size 1 1.3) (drill 0.75) (layers *.Cu *.Mask F.Paste)
      (net 12 "Net-(D7-Pad1)"))
    (pad 3 thru_hole oval (at -1.5 0 90) (size 1 1.3) (drill 0.75) (layers *.Cu *.Mask F.Paste)
      (net 28 /R1))
    (pad 7 thru_hole oval (at 4.5 0 90) (size 1 1.3) (drill 0.75) (layers *.Cu *.Mask F.Paste)
      (net 15 "Net-(D10-Pad1)"))
    (pad 6 thru_hole oval (at 3 0 90) (size 1 1.3) (drill 0.75) (layers *.Cu *.Mask F.Paste)
      (net 28 /R1))
    (pad 5 thru_hole oval (at 1.5 0 90) (size 1 1.3) (drill 0.75) (layers *.Cu *.Mask F.Paste)
      (net 14 "Net-(D9-Pad1)"))
    (pad 4 thru_hole oval (at 0 0 90) (size 1 1.3) (drill 0.75) (layers *.Cu *.Mask F.Paste)
      (net 13 "Net-(D8-Pad1)"))
  )

  (module custom:B7B-ZR (layer F.Cu) (tedit 5817B8AE) (tstamp 5817AF20)
    (at 100.33 104.14 90)
    (descr "JST-ZH Top Through Hole 7 pin")
    (tags "B7B-ZR(LF)(SN)")
    (path /5817BC01)
    (fp_text reference P4 (at -2.54 3.175 90) (layer F.SilkS) hide
      (effects (font (size 1 1) (thickness 0.15)))
    )
    (fp_text value Comm2 (at -5.334 -4.318 180) (layer F.SilkS)
      (effects (font (size 1 1) (thickness 0.15)))
    )
    (fp_line (start -6 2.2) (end 6 2.2) (layer F.SilkS) (width 0.15))
    (fp_line (start 6 2.2) (end 6 -1.3) (layer F.SilkS) (width 0.15))
    (fp_line (start 6 -1.3) (end -6 -1.3) (layer F.SilkS) (width 0.15))
    (fp_line (start -6 -1.3) (end -6 2.2) (layer F.SilkS) (width 0.15))
    (pad 1 thru_hole oval (at -4.5 0 90) (size 1 1.3) (drill 0.75) (layers *.Cu *.Mask F.Paste)
      (net 16 "Net-(D11-Pad1)"))
    (pad 2 thru_hole oval (at -3 0 90) (size 1 1.3) (drill 0.75) (layers *.Cu *.Mask F.Paste)
      (net 17 "Net-(D12-Pad1)"))
    (pad 3 thru_hole oval (at -1.5 0 90) (size 1 1.3) (drill 0.75) (layers *.Cu *.Mask F.Paste)
      (net 27 /R2))
    (pad 7 thru_hole oval (at 4.5 0 90) (size 1 1.3) (drill 0.75) (layers *.Cu *.Mask F.Paste)
      (net 20 "Net-(D15-Pad1)"))
    (pad 6 thru_hole oval (at 3 0 90) (size 1 1.3) (drill 0.75) (layers *.Cu *.Mask F.Paste)
      (net 27 /R2))
    (pad 5 thru_hole oval (at 1.5 0 90) (size 1 1.3) (drill 0.75) (layers *.Cu *.Mask F.Paste)
      (net 19 "Net-(D14-Pad1)"))
    (pad 4 thru_hole oval (at 0 0 90) (size 1 1.3) (drill 0.75) (layers *.Cu *.Mask F.Paste)
      (net 18 "Net-(D13-Pad1)"))
  )

  (module custom:B7B-ZR (layer F.Cu) (tedit 5817B77E) (tstamp 5817AF2E)
    (at 79.375 104.14 90)
    (descr "JST-ZH Top Through Hole 7 pin")
    (tags "B7B-ZR(LF)(SN)")
    (path /5817D12B)
    (fp_text reference P5 (at -3 -2 90) (layer F.SilkS) hide
      (effects (font (size 1 1) (thickness 0.15)))
    )
    (fp_text value Nav2 (at -5.334 4.191 180) (layer F.SilkS)
      (effects (font (size 1 1) (thickness 0.15)))
    )
    (fp_line (start -6 2.2) (end 6 2.2) (layer F.SilkS) (width 0.15))
    (fp_line (start 6 2.2) (end 6 -1.3) (layer F.SilkS) (width 0.15))
    (fp_line (start 6 -1.3) (end -6 -1.3) (layer F.SilkS) (width 0.15))
    (fp_line (start -6 -1.3) (end -6 2.2) (layer F.SilkS) (width 0.15))
    (pad 1 thru_hole oval (at -4.5 0 90) (size 1 1.3) (drill 0.75) (layers *.Cu *.Mask F.Paste)
      (net 21 "Net-(D16-Pad1)"))
    (pad 2 thru_hole oval (at -3 0 90) (size 1 1.3) (drill 0.75) (layers *.Cu *.Mask F.Paste)
      (net 22 "Net-(D17-Pad1)"))
    (pad 3 thru_hole oval (at -1.5 0 90) (size 1 1.3) (drill 0.75) (layers *.Cu *.Mask F.Paste)
      (net 26 /R3))
    (pad 7 thru_hole oval (at 4.5 0 90) (size 1 1.3) (drill 0.75) (layers *.Cu *.Mask F.Paste)
      (net 25 "Net-(D20-Pad1)"))
    (pad 6 thru_hole oval (at 3 0 90) (size 1 1.3) (drill 0.75) (layers *.Cu *.Mask F.Paste)
      (net 26 /R3))
    (pad 5 thru_hole oval (at 1.5 0 90) (size 1 1.3) (drill 0.75) (layers *.Cu *.Mask F.Paste)
      (net 24 "Net-(D19-Pad1)"))
    (pad 4 thru_hole oval (at 0 0 90) (size 1 1.3) (drill 0.75) (layers *.Cu *.Mask F.Paste)
      (net 23 "Net-(D18-Pad1)"))
  )

  (gr_line (start 102 98.4) (end 102 122.6) (angle 90) (layer Edge.Cuts) (width 0.15))
  (gr_line (start 78.4 98.4) (end 102 98.4) (angle 90) (layer Edge.Cuts) (width 0.15))
  (gr_line (start 78.4 122.6) (end 102 122.6) (angle 90) (layer Edge.Cuts) (width 0.15))
  (gr_line (start 78.4 98.4) (end 78.4 122.6) (angle 90) (layer Edge.Cuts) (width 0.15))
  (gr_text 13 (at 87.884 121.412) (layer F.SilkS)
    (effects (font (size 0.8 0.8) (thickness 0.2)))
  )
  (gr_text 20 (at 87.884 100.076) (layer F.SilkS)
    (effects (font (size 0.8 0.8) (thickness 0.2)))
  )
  (gr_text C0 (at 97.282 121.412) (layer F.SilkS)
    (effects (font (size 0.8 0.8) (thickness 0.2)) (justify left))
  )
  (gr_text "C3\nEnc R1" (at 98.552 117.094) (layer F.SilkS)
    (effects (font (size 0.8 0.8) (thickness 0.2)) (justify right))
  )
  (gr_text "C4\nSW R1" (at 98.806 112.268) (layer F.SilkS)
    (effects (font (size 0.8 0.8) (thickness 0.2)) (justify right))
  )
  (gr_text C0 (at 82.042 121.412) (layer F.SilkS)
    (effects (font (size 0.8 0.8) (thickness 0.2)) (justify left))
  )
  (gr_text "C3\nR1 Enc" (at 81.788 117.094) (layer F.SilkS)
    (effects (font (size 0.8 0.8) (thickness 0.2)) (justify left))
  )
  (gr_text "C4\nR1 SW" (at 82.042 112.268) (layer F.SilkS)
    (effects (font (size 0.8 0.8) (thickness 0.2)) (justify left))
  )
  (gr_text C0 (at 97.028 108.204) (layer F.SilkS)
    (effects (font (size 0.8 0.8) (thickness 0.2)) (justify left))
  )
  (gr_text "C3\nEnc R2" (at 98.298 104.394) (layer F.SilkS)
    (effects (font (size 0.8 0.8) (thickness 0.2)) (justify right))
  )
  (gr_text "SW C4\nR2" (at 98.298 99.568) (layer F.SilkS)
    (effects (font (size 0.8 0.8) (thickness 0.2)) (justify right))
  )
  (gr_text C0 (at 82.042 108.204) (layer F.SilkS)
    (effects (font (size 0.8 0.8) (thickness 0.2)) (justify left))
  )
  (gr_text "C3\nR3 Enc" (at 81.788 104.394) (layer F.SilkS)
    (effects (font (size 0.8 0.8) (thickness 0.2)) (justify left))
  )
  (gr_text "C4 SW\nR3\n" (at 82.042 99.568) (layer F.SilkS)
    (effects (font (size 0.8 0.8) (thickness 0.2)) (justify left))
  )

  (segment (start 87.29 121.285) (end 87.63 121.285) (width 0.25) (layer B.Cu) (net 1) (status C00000))
  (segment (start 87.63 121.285) (end 88.265 121.92) (width 0.25) (layer B.Cu) (net 1) (tstamp 5817B432) (status C00000))
  (segment (start 88.265 121.92) (end 92.415 121.92) (width 0.25) (layer B.Cu) (net 1) (tstamp 5817B433) (status C00000))
  (segment (start 92.415 121.92) (end 93.05 121.285) (width 0.25) (layer B.Cu) (net 1) (tstamp 5817B436) (status C00000))
  (via (at 87.29 108.585) (size 0.6) (drill 0.4) (layers F.Cu B.Cu) (net 1) (status 400000))
  (segment (start 88.265 108.585) (end 87.29 108.585) (width 0.25) (layer B.Cu) (net 1) (tstamp 5817B304) (status C00000))
  (segment (start 85.09 120.015) (end 86.36 121.285) (width 0.25) (layer B.Cu) (net 1) (tstamp 5817B42D) (status 800000))
  (segment (start 85.09 108.585) (end 85.09 120.015) (width 0.25) (layer B.Cu) (net 1) (tstamp 5817B42C))
  (via (at 85.09 108.585) (size 0.6) (drill 0.4) (layers F.Cu B.Cu) (net 1))
  (segment (start 87.29 108.585) (end 85.09 108.585) (width 0.25) (layer F.Cu) (net 1) (tstamp 5817B429))
  (segment (start 86.36 121.285) (end 87.29 121.285) (width 0.25) (layer B.Cu) (net 1) (tstamp 5817B42E) (status C00000))
  (segment (start 90.17 110.49) (end 88.265 108.585) (width 0.25) (layer B.Cu) (net 1) (status C00000))
  (segment (start 90.17 110.49) (end 92.075 108.585) (width 0.25) (layer B.Cu) (net 1) (status C00000))
  (segment (start 92.075 108.585) (end 93.05 108.585) (width 0.25) (layer B.Cu) (net 1) (tstamp 5817B2FF) (status C00000))
  (segment (start 97.45 121.285) (end 100.275 121.285) (width 0.25) (layer B.Cu) (net 2) (status C00000))
  (segment (start 100.275 121.285) (end 100.33 121.34) (width 0.25) (layer B.Cu) (net 2) (tstamp 5817B528) (status C00000))
  (segment (start 86.995 119.38) (end 92.71 119.38) (width 0.25) (layer B.Cu) (net 3))
  (segment (start 92.71 119.38) (end 93.05 119.38) (width 0.25) (layer F.Cu) (net 3) (tstamp 5817B418) (status C00000))
  (via (at 92.71 119.38) (size 0.6) (drill 0.4) (layers F.Cu B.Cu) (net 3) (status 800000))
  (segment (start 87.29 106.68) (end 85.725 106.68) (width 0.25) (layer F.Cu) (net 3) (status 400000))
  (segment (start 86.995 119.38) (end 87.29 119.38) (width 0.25) (layer F.Cu) (net 3) (tstamp 5817B409) (status C00000))
  (via (at 86.995 119.38) (size 0.6) (drill 0.4) (layers F.Cu B.Cu) (net 3) (status 800000))
  (segment (start 86.36 119.38) (end 86.995 119.38) (width 0.25) (layer B.Cu) (net 3) (tstamp 5817B403))
  (segment (start 85.725 118.745) (end 86.36 119.38) (width 0.25) (layer B.Cu) (net 3) (tstamp 5817B401))
  (segment (start 85.725 106.68) (end 85.725 118.745) (width 0.25) (layer B.Cu) (net 3) (tstamp 5817B400))
  (via (at 85.725 106.68) (size 0.6) (drill 0.4) (layers F.Cu B.Cu) (net 3))
  (segment (start 90.17 107.95) (end 88.9 106.68) (width 0.25) (layer F.Cu) (net 3) (status 400000))
  (segment (start 88.9 106.68) (end 87.29 106.68) (width 0.25) (layer F.Cu) (net 3) (tstamp 5817B2FA) (status 800000))
  (segment (start 90.17 107.95) (end 91.44 106.68) (width 0.25) (layer F.Cu) (net 3) (status 400000))
  (segment (start 91.44 106.68) (end 93.05 106.68) (width 0.25) (layer F.Cu) (net 3) (tstamp 5817B2F7) (status 800000))
  (via (at 97.45 119.38) (size 0.6) (drill 0.4) (layers F.Cu B.Cu) (net 4) (status C00000))
  (segment (start 100.33 119.84) (end 99.52 119.84) (width 0.25) (layer B.Cu) (net 4) (tstamp 5817B547) (status 400000))
  (segment (start 99.06 119.38) (end 99.52 119.84) (width 0.25) (layer B.Cu) (net 4) (tstamp 5817B546))
  (segment (start 99.06 119.38) (end 97.45 119.38) (width 0.25) (layer B.Cu) (net 4) (tstamp 5817B545) (status 800000))
  (segment (start 93.05 116.84) (end 87.29 116.84) (width 0.25) (layer B.Cu) (net 5) (status C00000))
  (via (at 93.05 104.14) (size 0.6) (drill 0.4) (layers F.Cu B.Cu) (net 5) (status 400000))
  (segment (start 91.44 104.14) (end 93.05 104.14) (width 0.25) (layer B.Cu) (net 5) (tstamp 5817B2E9))
  (segment (start 90.17 105.41) (end 91.44 104.14) (width 0.25) (layer B.Cu) (net 5))
  (segment (start 95.885 114.3) (end 93.345 116.84) (width 0.25) (layer B.Cu) (net 5) (tstamp 5817B383) (status 800000))
